법인번호
1201110000464
1601110083066
2341110096698
1101114720945
1801110633031
1101110531578
1101110610083
1801110042612
1201110011990
1801110003268
1101110180888
1345110004412
1812110000758
1101110565163
1701110039207
1701110001131
1801110119784
1101110270895
1801110073922
1801110025147
1801110036425
1701110023002
1846110000583
1746110006492
1101110186638
2301110274751
2301110060126
1648110035647
1101110037005
1501110205802
2301110148328
1101110113384
1358110093658
1701110008913
1101110377055
1101111955694
1801110555293
1601710002177
1812110000922
1101113136383
1601110163298
1942110042721
1101110048490
1812110003421
1648110021208
1101114290039
1801110007088
1346110018221
1801110039396
1601110014631
1201110101890
1701110021816
1801110220664
1201110147422
1101111775365
1101111144073
1801110054641
1801110050095
1101110032112
1943110006262
1341110007315
1201110001818
1601110001167
1101110860216
1101110026420
1101110042393
1101111799183
1101115685966
1101111138985
1348110072942
1601710001632
1101111712309
1101111922750
1801110095299
1801110000230
1101110390239
1801110024496
1812110001102
1159110017303
1812110002530
1311110057876
1311110028116
1801110002682
1601110004947
1350110049607
1101110407456
1101115399517
1701110271528
1801110071794
1544110019419
1801110004886
1311110002011
1101111653389
1942110000076
1501110016506
1348110109828
2301110172244
1101110005052
1801110102359
1101111591034
1747110002646
1801110032407
1311110030335
1845110003856
1101110822993
1350110079381
2001110001407
1746110001179
1348110002080
1301110007260
1243110024177
1615110049069
1801110035584
2149110013103
1450110000540
1101110660806
1101111422148
1101112663436
1101110548771
1801110058742
2301110056969
1601110088991
1101110054760
1341110065636
1812110007613
1801110122183
1101110019285
2013110006783
1955110072268
1244110006909
1801110346204
1801110311083
1350110066619
1101112033738
1717110036705
2001110116941
1954110007168
1348110024878
1311110057925
1101110954374
1101110944622
1201110001107
1101110613607
1101110562896
1760110006963
1101110252471
1801110121507
2001110002843
1348110061937
1101110124662
1101111902835
1801110186907
1350110031042
1601110005200
1846110019906
1201110230277
1243110005515
1701110089145
1601110004426
1942110044488
1101110911192
1101110507610
1545110045488
1801110051770
1752110017454
1752110009526
1101114833954
1341110069406
1801110331502
1545110049654
1246110279594
1601110072738
1801110005595
1101110245575
1301110007765
1748110005375
2001110035969
1701110086977
1101111263203
1101111073454
1101110187248
1812110008538
1601110042054
1747110000187
1101111537434
1301110007616
1101110510001
1101110245575
1801110052091
1615110102031
1101111903643
1101110134372
1701110030958
1101110145860
1348110052019
1101112078073
1601110042533
1101110942981
1101110352156
1601110091283
1801110279546
1101111206526
1601110058077
1701110006305
1115110005136
1201110019697
1101110902927
1601110101016
1812110008207
1812110013412
1101111773872
1845110022448
2301110051414
1801110050392
2062110020748
1101111584972
1341110032106
1101111996630
1601110005713
1101111946601
1101114122604
1101110560824
1101113802992
2301110173440
1301110011675
1801110093615
1712110026079
1341110042311
1701110021080
1345110031382
1201110082793
1101110313728
1845110010534
1748110004804
2001110302045
2001110007306
1601110076160
1101112431669
1350110099355
1753110000168
1101110757653
1101111089401
1760110019792
1101112554817
1101111538664
1701110283317
1101111136145
1701110039984
1752110015044
1101115343457
1748110019285
1101111991680
1101111838212
1801110031425
1101111602039
1812110023370
2001110067334
1801110069012
1350110041182
2301110135573
1101115248376
1350110029576
1701110022707
1311110047463
2101110014854
2013110020478
1341110077704
1760110033792
1801110190073
1701110041509
1101110285787
2001110007736
2059110015051
1701110090374
1801110402288
1543110004545
1760110029353
1101110036594
1741110007482
1760110012720
1601110032542
1812110049053
1701110257221
1101110963135
1601110300121
1601110014285
1801110293976
2301110129435
1311110164978
1601110095821
1313110088017
1101111366536
1101111204637
1101111001570
2001110022172
1101110981674
1701110218661
2301110115640
1949110011053
1101113805293
1101110071227
1501110016449
2301110066025
1601110235815
1801110045947
1501110073382
1101110358956
1801110166991
1101111199250
1341110078308
1601110099451
1244110031568
2301110053882
1211110051797
1350110119749
1701110017104
1701110447301
1601110066145
1201110290289
1760110042892
1243110036635
1101110662696
2001140023223
2101110018848
1801110184745
1601110101024
1601110081721
1101111782633
1101110666383
1101111390816
1348110076853
1101111912496
1353110002964
1101111569429
2111110037128
1101112015273
1311110043685
1601110206866
1601110353401
1244110097700
1501110019013
2001110107057
1812110040895
1353110004275
1752110002992
1201110123224
1311110288992
1701110163006
1801110159334
1801110191906
1101111737349
1801110169309
1701110169533
2043110012422
2055110008400
1601110209357
1642110006468
1101111068372
1101111631872
1601110218275
1101115478626
2064110007502
1201110083303
1246110241353
1601110225618
2001110135454
1201110001389
1101114987397
1760110061529
1101111999444
1101112484915
1601110112625
1201110311382
1601110157770
1101112323725
1201110411512
1244110042127
1201110549727
2149110020322
1101112103953
2001110093842
1101112758021
2001110127807
1612110010785
1941110009434
1501110054449
1601110264640
1201110526882
2058110004600
2001110305693
2001110062988
1601110067234
1101114774554
1101112548993
1101114345678
1401110013380
2001110285663
1311110019694
2112110005933
1101114752865
2801110093333
1358110157115
1101111915094
2059110001901
1311110147932
1101112141747
1615110125314
1314110134537
6013660299
1601110096506
2101110087455
1101114332021
1601110105498
1101112904971
1601110153455
1101115350444
1348110221416
1101115586437
1601110190861
1601110105000
1601110290728
1211110161760
3012254357
1601110235641
1648110070180
1601110259807
1601110348759
1601110195374
1601110319388
1601110358659
1601110312126
1601110295421
1601110326408
1101115369510
1101114803296
1101115436434
1101113748055
1101115407873
2001110244461
1701110305442
1601110247141
1501110123252
1101112647604
1701110150847
1101113926875
1601110091332
1311110372969
1101115596923
1101115974020
1501110204078
1101115886796
1311110221637
1101115290319
1350110048477
1801110021799
1801110972744
2301140003534
2301110243615
1501110089769
1601110395354
1601110419633
1601110278518
1101115383106
2301110052686
1101112586654
1601110243678
1801110007062
1101111651242
1101114063535
1101114045848
1101115648518
1648110002167
1311110002409
1101110016869
1301110008721
1101110221369
1401110001179
1101112031617
1101114152875
1101110839071
1101113940221
1647110030756
1341110173489
1243110014409
1101113926940
1101114102995
1201110608755
1601110084890
1101115727396
1101113562570
1101114827379
1345110120672
1746110009701
1101110297071
1201110009797
1201110010364
1244110024498
2062110005427
1152110002788
1101110961501
2062110001780
1601110191083
1601110022668
1615110006796
1615110030026
1601110031099
1601110089395
1201110126038
2062110003653
1846110031851
1942110034463
1943110005149
1901110012514
1101115733509
1101113430040
1101110889985
1348110106600
1615110102031
1154110000192
1615110019088
1101110222151
1341110021315
1101114230613
1301110008135
1101114657742
1601110407414
1601110052665
1348110121814
1701110447301
1101115148245
1101110942915
1244110001008
1101111953979
1101115586693
1101115480233
1101114316471
1101113332973
1760110049707
1101111011561
1747110020375
1311110272002
1101110200339
1301110026814
2001110015234
1350110058187
1543110001997
1101112233560
1101115052420
1101110942981
1345110029478
1345110159663
1101113923855
1351110050222
1801110225250
1101110006852
1101110998124
1101112203951
1243110016976
1101111389059
1301110008664
1348110074930
1746110014924
1812110031050
1846110034558
1801110166347
1101110398902
1101112730251
1101113876012
1101110239370
1351110062045
1341110043806
1701110273433
1741110009842
2850110209804
1412110001077
1101110332653
1101110280547
1101113279828
1101112746571
1101111633232
1345110099950
1101114011162
1947110000258
2801110076686
1801110525056
1101113320241
1301110007989
2048110000097
1344110015635
1601110077340
1301110006296
2001110192454
1746110005246
1601110091332
1211110055020
1101110742406
1342110004393
1801110051738
1801110209098
1801110154813
2001110046346
2001110177365
2101110024308
1101110834378
1101111518418
1101112341305
1101111357197
2844110075258
1601110096473
1101110511025
1101110679394
1101111955339
1101111227077
1101115200235
1355110124334
1246110275021
1846110018023
1101110278980
1350110085073
1314110183641
1601110261480
1101111495971
1801110194819
1154110004003
1101115523398
2849110157246
2001110105176
1101114052249
1101112828353
1911110001730
1101111686918
1101114081553
4030622224
1101111110082
1211110119082
1101113199498
6201087232
1712110020055
2046110047366
1101112429135
2001110002976
2014110000551
2043110009560
1101111849714
1701110000034
2046110002653
2042110000883
2001110004906
1101110164717
2046110014860
2001110097272
2001110007801
2013110039057
2013110010099
1101114597493
1101111927958
1101111734931
1601110242050
1601110188733
1601110067359
3140846712
2062110001540
1101112577885
1648110035001
1101112870784
1649110004179
1501110098190
1747110002406
1752110037113
1701110178188
1701110054544
1601110207244
1601110291635
1601110319403
1942110203357
1650110013911
1101115692391
1801110378835
1101115045045
1501110077665
1101111164013
1101111286601
1101110030413
1101111253337
1311110237931
1101110005333
1350110030490
1101110095152
1101113328154
1601110160517
1101115143302
1615110118509
1601110078554
1601110176572
1601110108434
1201110060138
